0.289923147272251
0.017060136772819368
0.5056992572842383
0.2447888236100102
-0.18903066789015432
-0.2563629057739403
-0.14673190003676595
0.20706618776878694
0.06457730808059403
-0.06808450247820974
-0.44312299174966907
-0.5641370990385002
0.0777256337641028
-0.036975764525416954
0.6678868180649948
0.6262599372278217
0.5678098399816756
0.7327655974168616
-0.41266773731007445
-0.0909868648330785
0.7585527645012129
0.7813021300545313
-0.8843353303454646
0.8011174155751688
-0.6775954033956564
0.7639614309899225
0.33214809519397415
-0.5181757195191101
-0.8179534804316486
-0.3169119155468667
-0.4184250054251968
-0.8905286412177804
0.25908591878694054
0.8713120600661908
-0.9832664831110998
-0.3650272386088502
0.3520183163734736
-0.040094369507425176
-0.04177123587394482
-0.3326431918058317
-0.05362916452660027
0.5132548381279436
-0.17923454474529277
-0.11418205581899898
-0.2658120024768167
0.9032702069577556
-0.7948907353464312
-0.18891013491271824
-0.5808579103829401
-0.5259932649925914
0.4960703110334239
-0.24267925843165727
-0.38516031312413235
0.6777658887619604
-0.8601421124236317
0.44605118459928894
0.7527470260387932
0.014693871317931428
-0.9235514149210418
0.4392366291144303
0.7510986614308208
0.8556318973256953
-0.12623155677457
-0.8168590168072105
-0.34301122315456745
-0.5256199410793321
-0.029300084128490278
0.9203008197860554
-0.926166655572014
0.27789528128740026
-0.7226509832428991
-0.10160975207968992
0.17207036314211788
0.53217919951427
0.9248035409628748
0.41191179605084427
-0.8406785129788408
-0.9087838722172381
-0.18732014993074575
-0.6250115644350382
0.014638196254543434
-0.23186941196095145
0.7076427816184621
-0.13247564680903712
0.49359465082202103
0.499304363449393
0.16366982654181728
-0.010541112728696067
-0.8757429463141313
0.8049802114491047
-0.7835950051952738
0.5890881639950192
0.3180429675664347
-0.25649695744572476
0.21975643366745534
-0.5615882996237134

